035 074
035 110
035 087
035 176
035 167
035 096
035 017
035 139
035 117
035 029
035 177
035 131
035 108
035 072
035 115
035 040
035 025
035 066
035 133
035 098
035 089
035 121
035 154
035 038
035 173
035 004
035 067
035 100
035 026
035 127
035 166
035 046
035 075
035 033
035 135
035 141
035 097
035 183
035 002
035 078
035 122
035 059
035 155
035 053
035 120
035 168
035 091
035 172
035 192
035 195
035 058
035 086
035 119
035 162
035 156
035 044
035 041
035 191
035 105
035 015
035 187
035 048
035 116
035 163
035 081
035 130
035 151
035 129
035 102
035 109
035 005
035 149
035 099
035 142
035 047
035 171
035 077
035 126
035 010
035 032
035 050
035 145
035 009
035 159
035 158
035 123
035 150
035 169
035 179
035 094
035 143
035 147
035 061
035 016
035 182
035 080
035 186
035 118
035 144
035 030
035 024
035 104
035 052
035 101
035 022
035 194
035 084
035 134
035 013
035 018
035 137
035 042
035 049
035 011
035 140
035 190
035 070
035 076
035 069
035 082
035 125
035 037
035 020
035 051
035 146
035 196
035 028
035 090
035 064
035 060
035 111
035 088
035 057
035 153
035 068
035 021
035 019
035 174
035 006
035 148
035 152
035 157
035 045
035 128
035 014
035 170
035 001
035 023
035 043
035 112
035 056
035 054
035 065
035 189
035 184
035 003
035 034
035 181
035 178
035 055
035 185
035 165
035 106
035 188
035 071
035 036
035 008
035 062
035 095
035 161
035 113
035 138
035 164
035 107
035 031
035 083
035 136
035 193
035 124
035 114
035 063
035 079
035 093
035 012
035 103
035 092
035 180
035 085
035 073
035 132
035 175
035 160
035 007
035 039
035 035
035 027
084 074
084 110
084 087
084 176
084 167
084 096
084 017
084 139
084 117
084 029
084 177
084 131
084 108
084 072
084 115
084 040
084 025
084 066
084 133
084 098
084 089
084 121
084 154
084 038
084 173
084 197
084 004
084 067
084 100
084 026
084 127
084 166
084 046
084 075
084 033
084 135
084 141
084 097
084 183
084 002
084 078
084 122
084 059
084 155
084 053
084 120
084 168
084 091
084 172
084 192
084 195
084 058
084 086
084 119
084 162
084 156
084 044
084 041
084 191
084 105
084 015
084 187
084 048
084 116
084 163
084 081
084 130
084 151
084 129
084 102
084 109
084 005
084 149
084 099
084 142
084 047
084 171
084 077
084 126
084 010
084 032
084 050
084 145
084 009
084 159
084 158
084 123
084 150
084 169
084 179
084 094
084 143
084 147
084 061
084 016
084 182
084 080
084 186
084 118
084 144
084 030
084 024
084 104
084 052
084 101
084 022
084 194
084 084
084 134
084 013
084 018
084 137
084 042
084 049
084 011
084 140
084 190
084 070
084 076
084 069
084 082
084 125
084 037
084 020
084 051
084 146
084 196
084 028
084 090
084 064
084 060
084 111
084 088
084 057
084 153
084 068
084 021
084 019
084 174
084 006
084 148
084 152
084 157
084 045
084 128
084 014
084 170
084 001
084 023
084 043
084 112
084 056
084 054
084 065
084 189
084 184
084 003
084 034
084 181
084 178
084 055
084 185
084 165
084 106
084 188
084 071
084 036
084 008
084 062
084 095
084 161
084 113
084 138
084 164
084 107
084 031
084 083
084 136
084 193
084 124
084 114
084 063
084 079
084 093
084 012
084 103
084 092
084 180
084 085
084 073
084 132
084 175
084 160
084 007
084 039
084 035
084 027
438 074
438 110
438 087
438 176
438 167
438 096
438 017
438 139
438 117
438 029
438 177
438 131
438 108
438 072
438 115
438 040
438 025
438 066
438 133
438 098
438 089
438 121
438 154
438 038
438 173
438 004
438 067
438 100
438 026
438 127
438 166
438 046
438 075
438 033
438 135
438 141
438 097
438 183
438 002
438 078
438 122
438 059
438 155
438 053
438 120
438 168
438 091
438 172
438 192
438 195
438 058
438 086
438 119
438 162
438 156
438 044
438 041
438 191
438 105
438 015
438 187
438 048
438 116
438 163
438 081
438 130
438 151
438 129
438 102
438 109
438 005
438 149
438 099
438 142
438 047
438 171
438 077
438 126
438 010
438 032
438 050
438 145
438 009
438 159
438 158
438 123
438 150
438 169
438 179
438 094
438 143
438 147
438 061
438 016
438 182
438 080
438 186
438 118
438 144
438 030
438 024
438 104
438 052
438 101
438 022
438 194
438 084
438 134
438 013
438 018
438 137
438 042
438 049
438 011
438 140
438 190
438 070
438 076
438 069
438 082
438 125
438 037
438 020
438 051
438 146
438 028
438 090
438 064
438 060
438 111
438 088
438 057
438 153
438 068
438 021
438 019
438 174
438 006
438 148
438 152
438 157
438 045
438 128
438 014
438 170
438 001
438 023
438 043
438 112
438 056
438 054
438 065
438 189
438 184
438 003
438 034
438 181
438 178
438 055
438 185
438 165
438 106
438 188
438 071
438 036
438 008
438 062
438 095
438 161
438 113
438 138
438 164
438 107
438 031
438 083
438 136
438 193
438 124
438 114
438 063
438 079
438 093
438 012
438 103
438 092
438 180
438 085
438 073
438 132
438 175
438 160
438 007
438 039
438 035
438 027
096 074
096 110
096 087
096 176
096 167
096 096
096 017
096 139
096 117
096 029
096 177
096 131
096 108
096 072
096 115
096 040
096 025
096 066
096 133
096 098
096 089
096 121
096 154
096 038
096 173
096 197
096 004
096 067
096 100
096 026
096 127
096 166
096 046
096 075
096 033
096 135
096 141
096 097
096 183
096 002
096 078
096 122
096 059
096 155
096 053
096 120
096 168
096 091
096 172
096 192
096 195
096 058
096 086
096 119
096 162
096 156
096 044
096 041
096 191
096 105
096 015
096 187
096 048
096 116
096 163
096 081
096 130
096 151
096 129
096 102
096 109
096 005
096 149
096 099
096 142
096 047
096 171
096 077
096 126
096 010
096 032
096 050
096 145
096 009
096 159
096 158
096 123
096 150
096 169
096 179
096 094
096 143
096 147
096 061
096 016
096 182
096 080
096 186
096 118
096 144
096 030
096 024
096 104
096 052
096 101
096 022
096 194
096 084
096 134
096 013
096 018
096 137
096 042
096 049
096 011
096 140
096 190
096 070
096 076
096 069
096 082
096 125
096 037
096 020
096 051
096 146
096 196
096 028
096 090
096 064
096 060
096 111
096 088
096 057
096 153
096 068
096 021
096 019
096 174
096 006
096 148
096 152
096 157
096 045
096 128
096 014
096 170
096 001
096 023
096 043
096 112
096 056
096 054
096 065
096 189
096 184
096 003
096 034
096 181
096 178
096 055
096 185
096 165
096 106
096 188
096 071
096 036
096 008
096 062
096 095
096 161
096 113
096 138
096 164
096 107
096 031
096 083
096 136
096 193
096 124
096 114
096 063
096 079
096 093
096 012
096 103
096 092
096 180
096 085
096 073
096 132
096 175
096 160
096 007
096 039
096 035
096 027
034 074
034 110
034 087
034 176
034 167
034 096
034 017
034 139
034 117
034 029
034 177
034 131
034 108
034 072
034 115
034 040
034 025
034 066
034 133
034 098
034 089
034 121
034 154
034 038
034 173
034 004
034 067
034 100
034 026
034 127
034 166
034 046
034 075
034 033
034 135
034 141
034 097
034 183
034 002
034 078
034 122
034 059
034 155
034 053
034 120
034 168
034 091
034 172
034 192
034 195
034 058
034 086
034 119
034 162
034 156
034 044
034 041
034 191
034 105
034 015
034 187
034 048
034 116
034 163
034 081
034 130
034 151
034 129
034 102
034 109
034 005
034 149
034 099
034 142
034 047
034 171
034 077
034 126
034 010
034 032
034 050
034 145
034 009
034 159
034 158
034 123
034 150
034 169
034 179
034 094
034 143
034 147
034 061
034 016
034 182
034 080
034 186
034 118
034 144
034 030
034 024
034 104
034 052
034 101
034 022
034 194
034 084
034 134
034 013
034 018
034 137
034 042
034 049
034 011
034 140
034 190
034 070
034 076
034 069
034 082
034 125
034 037
034 020
034 051
034 146
034 196
034 028
034 090
034 064
034 060
034 111
034 088
034 057
034 153
034 068
034 021
034 019
034 174
034 006
034 148
034 152
034 157
034 045
034 128
034 014
034 170
034 001
034 023
034 043
034 112
034 056
034 054
034 065
034 189
034 184
034 003
034 034
034 181
034 178
034 055
034 185
034 165
034 106
034 188
034 071
034 036
034 008
034 062
034 095
034 161
034 113
034 138
034 164
034 107
034 031
034 083
034 136
034 193
034 124
034 114
034 063
034 079
034 093
034 012
034 103
034 092
034 180
034 085
034 073
034 132
034 175
034 160
034 007
034 039
034 035
034 027
031 074
031 110
031 087
031 176
031 167
031 096
031 017
031 139
031 117
031 029
031 177
031 131
031 108
031 072
031 115
031 040
031 025
031 066
031 133
031 098
031 089
031 121
031 154
031 038
031 173
031 197
031 004
031 067
031 100
031 026
031 127
031 166
031 046
031 075
031 033
031 135
031 141
031 097
031 183
031 002
031 078
031 122
031 059
031 155
031 053
031 120
031 168
031 091
031 172
031 192
031 195
031 058
031 086
031 119
031 162
031 156
031 044
031 041
031 191
031 105
031 015
031 187
031 048
031 116
031 163
031 081
031 130
031 151
031 129
031 102
031 109
031 005
031 149
031 099
031 142
031 047
031 171
031 077
031 126
031 010
031 032
031 050
031 145
031 009
031 159
031 158
031 123
031 150
031 169
031 179
031 094
031 143
031 147
031 061
031 016
031 182
031 080
031 186
031 118
031 144
031 030
031 024
031 104
031 052
031 101
031 022
031 194
031 084
031 134
031 013
031 018
031 137
031 042
031 049
031 011
031 140
031 190
031 070
031 076
031 069
031 082
031 125
031 037
031 020
031 051
031 146
031 196
031 028
031 090
031 064
031 060
031 111
031 088
031 057
031 153
031 068
031 021
031 019
031 174
031 006
031 148
031 152
031 157
031 045
031 128
031 014
031 170
031 001
031 023
031 043
031 112
031 056
031 054
031 065
031 189
031 184
031 003
031 034
031 181
031 178
031 055
031 185
031 165
031 106
031 188
031 071
031 036
031 008
031 062
031 095
031 161
031 113
031 138
031 164
031 107
031 031
031 083
031 136
031 193
031 124
031 114
031 063
031 079
031 093
031 012
031 103
031 092
031 180
031 085
031 073
031 132
031 175
031 160
031 007
031 039
031 035
031 027
700 074
700 110
700 087
700 176
700 167
700 096
700 017
700 139
700 117
700 029
700 177
700 131
700 108
700 072
700 115
700 040
700 025
700 066
700 133
700 098
700 089
700 121
700 154
700 038
700 173
700 004
700 067
700 100
700 026
700 127
700 166
700 046
700 075
700 033
700 135
700 141
700 097
700 183
700 002
700 078
700 122
700 059
700 155
700 053
700 120
700 168
700 091
700 172
700 192
700 195
700 058
700 086
700 119
700 162
700 156
700 044
700 041
700 191
700 105
700 015
700 187
700 048
700 116
700 163
700 081
700 130
700 151
700 129
700 102
700 109
700 005
700 149
700 099
700 142
700 047
700 171
700 077
700 126
700 010
700 032
700 050
700 145
700 009
700 159
700 158
700 123
700 150
700 169
700 179
700 094
700 143
700 147
700 061
700 016
700 182
700 080
700 186
700 118
700 144
700 030
700 024
700 104
700 052
700 101
700 022
700 194
700 084
700 134
700 013
700 018
700 137
700 042
700 049
700 011
700 140
700 190
700 070
700 076
700 069
700 082
700 125
700 037
700 020
700 051
700 146
700 196
700 028
700 090
700 064
700 060
700 111
700 088
700 057
700 153
700 068
700 021
700 019
700 174
700 006
700 148
700 152
700 157
700 045
700 128
700 014
700 170
700 001
700 023
700 043
700 112
700 056
700 054
700 065
700 189
700 184
700 003
700 034
700 181
700 178
700 055
700 185
700 165
700 106
700 188
700 071
700 036
700 008
700 062
700 095
700 161
700 113
700 138
700 164
700 107
700 031
700 083
700 136
700 193
700 124
700 114
700 063
700 079
700 093
700 012
700 103
700 092
700 180
700 085
700 073
700 132
700 175
700 160
700 007
700 039
700 035
700 027
402 074
402 110
402 087
402 176
402 167
402 096
402 017
402 139
402 117
402 029
402 177
402 131
402 108
402 072
402 115
402 040
402 025
402 066
402 133
402 098
402 089
402 121
402 154
402 038
402 173
402 197
402 004
402 067
402 100
402 026
402 127
402 166
402 046
402 075
402 033
402 135
402 141
402 097
402 183
402 002
402 078
402 122
402 059
402 155
402 053
402 120
402 168
402 091
402 172
402 192
402 195
402 058
402 086
402 119
402 162
402 156
402 044
402 041
402 191
402 105
402 015
402 187
402 048
402 116
402 163
402 081
402 130
402 151
402 129
402 102
402 109
402 005
402 149
402 099
402 142
402 047
402 171
402 077
402 126
402 010
402 032
402 050
402 145
402 009
402 159
402 158
402 123
402 150
402 169
402 179
402 094
402 143
402 147
402 061
402 016
402 182
402 080
402 186
402 118
402 144
402 030
402 024
402 104
402 052
402 101
402 022
402 194
402 084
402 134
402 013
402 018
402 137
402 042
402 049
402 011
402 140
402 190
402 070
402 076
402 069
402 082
402 125
402 037
402 020
402 051
402 146
402 196
402 028
402 090
402 064
402 060
402 111
402 088
402 057
402 153
402 068
402 021
402 019
402 174
402 006
402 148
402 152
402 157
402 045
402 128
402 014
402 170
402 001
402 023
402 043
402 112
402 056
402 054
402 065
402 189
402 184
402 003
402 034
402 181
402 178
402 055
402 185
402 165
402 106
402 188
402 071
402 036
402 008
402 062
402 095
402 161
402 113
402 138
402 164
402 107
402 031
402 083
402 136
402 193
402 124
402 114
402 063
402 079
402 093
402 012
402 103
402 092
402 180
402 085
402 073
402 132
402 175
402 160
402 007
402 039
402 035
402 027
581 074
581 110
581 087
581 176
581 167
581 096
581 017
581 139
581 117
581 029
581 177
581 131
581 108
581 072
581 115
581 040
581 025
581 066
581 133
581 098
581 089
581 121
581 154
581 038
581 173
581 004
581 067
581 100
581 026
581 127
581 166
581 046
581 075
581 033
581 135
581 141
581 097
581 183
581 002
581 078
581 122
581 059
581 155
581 053
581 120
581 168
581 091
581 172
581 192
581 195
581 058
581 086
581 119
581 162
581 156
581 044
581 041
581 191
581 105
581 015
581 187
581 048
581 116
581 163
581 081
581 130
581 151
581 129
581 102
581 109
581 005
581 149
581 099
581 142
581 047
581 171
581 077
581 126
581 010
581 032
581 050
581 145
581 009
581 159
581 158
581 123
581 150
581 169
581 179
581 094
581 143
581 147
581 061
581 016
581 182
581 080
581 186
581 118
581 144
581 030
581 024
581 104
581 052
581 101
581 022
581 194
581 084
581 134
581 013
581 018
581 137
581 042
581 049
581 011
581 140
581 190
581 070
581 076
581 069
581 082
581 125
581 037
581 020
581 051
581 146
581 028
581 090
581 064
581 060
581 111
581 088
581 057
581 153
581 068
581 021
581 019
581 174
581 006
581 148
581 152
581 157
581 045
581 128
581 014
581 170
581 001
581 023
581 043
581 112
581 056
581 054
581 065
581 189
581 184
581 003
581 034
581 181
581 178
581 055
581 185
581 165
581 106
581 188
581 071
581 036
581 008
581 062
581 095
581 161
581 113
581 138
581 164
581 107
581 031
581 083
581 136
581 193
581 124
581 114
581 063
581 079
581 093
581 012
581 103
581 092
581 180
581 085
581 073
581 132
581 175
581 160
581 007
581 039
581 035
581 027
022 074
022 110
022 087
022 176
022 167
022 096
022 017
022 139
022 117
022 029
022 177
022 131
022 108
022 072
022 115
022 040
022 025
022 066
022 133
022 098
022 089
022 121
022 154
022 038
022 173
022 197
022 004
022 067
022 100
022 026
022 127
022 166
022 046
022 075
022 033
022 135
022 141
022 097
022 183
022 002
022 078
022 122
022 059
022 155
022 053
022 120
022 168
022 091
022 172
022 192
022 195
022 058
022 086
022 119
022 162
022 156
022 044
022 041
022 191
022 105
022 015
022 187
022 048
022 116
022 163
022 081
022 130
022 151
022 129
022 102
022 109
022 005
022 149
022 099
022 142
022 047
022 171
022 077
022 126
022 010
022 032
022 050
022 145
022 009
022 159
022 158
022 123
022 150
022 169
022 179
022 094
022 143
022 147
022 061
022 016
022 182
022 080
022 186
022 118
022 144
022 030
022 024
022 104
022 052
022 101
022 022
022 194
022 084
022 134
022 013
022 018
022 137
022 042
022 049
022 011
022 140
022 190
022 070
022 076
022 069
022 082
022 125
022 037
022 020
022 051
022 146
022 196
022 028
022 090
022 064
022 060
022 111
022 088
022 057
022 153
022 068
022 021
022 019
022 174
022 006
022 148
022 152
022 157
022 045
022 128
022 014
022 170
022 001
022 023
022 043
022 112
022 056
022 054
022 065
022 189
022 184
022 003
022 034
022 181
022 178
022 055
022 185
022 165
022 106
022 188
022 071
022 036
022 008
022 062
022 095
022 161
022 113
022 138
022 164
022 107
022 031
022 083
022 136
022 193
022 124
022 114
022 063
022 079
022 093
022 012
022 103
022 092
022 180
022 085
022 073
022 132
022 175
022 160
022 007
022 039
022 035
022 027
796 074
796 110
796 087
796 176
796 167
796 096
796 017
796 139
796 117
796 029
796 177
796 131
796 108
796 072
796 115
796 040
796 025
796 066
796 133
796 098
796 089
796 121
796 154
796 038
796 173
796 004
796 067
796 100
796 026
796 127
796 166
796 046
796 075
796 033
796 135
796 141
796 097
796 183
796 002
796 078
796 122
796 059
796 155
796 053
796 120
796 168
796 091
796 172
796 192
796 195
796 058
796 086
796 119
796 162
796 156
796 044
796 041
796 191
796 105
796 015
796 187
796 048
796 116
796 163
796 081
796 130
796 151
796 129
796 102
796 109
796 005
796 149
796 099
796 142
796 047
796 171
796 077
796 126
796 010
796 032
796 050
796 145
796 009
796 159
796 158
796 123
796 150
796 169
796 179
796 094
796 143
796 147
796 061
796 016
796 182
796 080
796 186
796 118
796 144
796 030
796 024
796 104
796 052
796 101
796 022
796 194
796 084
796 134
796 013
796 018
796 137
796 042
796 049
796 011
796 140
796 190
796 070
796 076
796 069
796 082
796 125
796 037
796 020
796 051
796 146
796 196
796 028
796 090
796 064
796 060
796 111
796 088
796 057
796 153
796 068
796 021
796 019
796 174
796 006
796 148
796 152
796 157
796 045
796 128
796 014
796 170
796 001
796 023
796 043
796 112
796 056
796 054
796 065
796 189
796 184
796 003
796 034
796 181
796 178
796 055
796 185
796 165
796 106
796 188
796 071
796 036
796 008
796 062
796 095
796 161
796 113
796 138
796 164
796 107
796 031
796 083
796 136
796 193
796 124
796 114
796 063
796 079
796 093
796 012
796 103
796 092
796 180
796 085
796 073
796 132
796 175
796 160
796 007
796 039
796 035
796 027
546 074
546 110
546 087
546 176
546 167
546 096
546 017
546 139
546 117
546 029
546 177
546 131
546 108
546 072
546 115
546 040
546 025
546 066
546 133
546 098
546 089
546 121
546 154
546 038
546 173
546 004
546 067
546 100
546 026
546 127
546 166
546 046
546 075
546 033
546 135
546 141
546 097
546 183
546 002
546 078
546 122
546 059
546 155
546 053
546 120
546 168
546 091
546 172
546 192
546 195
546 058
546 086
546 119
546 162
546 156
546 044
546 041
546 191
546 105
546 015
546 187
546 048
546 116
546 163
546 081
546 130
546 151
546 129
546 102
546 109
546 005
546 149
546 099
546 142
546 047
546 171
546 077
546 126
546 010
546 032
546 050
546 145
546 009
546 159
546 158
546 123
546 150
546 169
546 179
546 094
546 143
546 147
546 061
546 016
546 182
546 080
546 186
546 118
546 144
546 030
546 024
546 104
546 052
546 101
546 022
546 194
546 084
546 134
546 013
546 018
546 137
546 042
546 049
546 011
546 140
546 190
546 070
546 076
546 069
546 082
546 125
546 037
546 020
546 051
546 146
546 196
546 028
546 090
546 064
546 060
546 111
546 088
546 057
546 153
546 068
546 021
546 019
546 174
546 006
546 148
546 152
546 157
546 045
546 128
546 014
546 170
546 001
546 023
546 043
546 112
546 056
546 054
546 065
546 189
546 184
546 003
546 034
546 181
546 178
546 055
546 185
546 165
546 106
546 188
546 071
546 036
546 008
546 062
546 095
546 161
546 113
546 138
546 164
546 107
546 031
546 083
546 136
546 193
546 124
546 114
546 063
546 079
546 093
546 012
546 103
546 092
546 180
546 085
546 073
546 132
546 175
546 160
546 007
546 039
546 035
546 027
754 074
754 110
754 087
754 176
754 167
754 096
754 017
754 139
754 117
754 029
754 177
754 131
754 108
754 072
754 115
754 040
754 025
754 066
754 133
754 098
754 089
754 121
754 154
754 038
754 173
754 197
754 004
754 067
754 100
754 026
754 127
754 166
754 046
754 075
754 033
754 135
754 141
754 097
754 183
754 002
754 078
754 122
754 059
754 155
754 053
754 120
754 168
754 091
754 172
754 192
754 195
754 058
754 086
754 119
754 162
754 156
754 044
754 041
754 191
754 105
754 015
754 187
754 048
754 116
754 163
754 081
754 130
754 151
754 129
754 102
754 109
754 005
754 149
754 099
754 142
754 047
754 171
754 077
754 126
754 010
754 032
754 050
754 145
754 009
754 159
754 158
754 123
754 150
754 169
754 179
754 094
754 143
754 147
754 061
754 016
754 182
754 080
754 186
754 118
754 144
754 030
754 024
754 104
754 052
754 101
754 022
754 194
754 084
754 134
754 013
754 018
754 137
754 042
754 049
754 011
754 140
754 190
754 070
754 076
754 069
754 082
754 125
754 037
754 020
754 051
754 146
754 196
754 028
754 090
754 064
754 060
754 111
754 088
754 057
754 153
754 068
754 021
754 019
754 174
754 006
754 148
754 152
754 157
754 045
754 128
754 014
754 170
754 001
754 023
754 043
754 112
754 056
754 054
754 065
754 189
754 184
754 003
754 034
754 181
754 178
754 055
754 185
754 165
754 106
754 188
754 071
754 036
754 008
754 062
754 095
754 161
754 113
754 138
754 164
754 107
754 031
754 083
754 136
754 193
754 124
754 114
754 063
754 079
754 093
754 012
754 103
754 092
754 180
754 085
754 073
754 132
754 175
754 160
754 007
754 039
754 035
754 027
795 074
795 110
795 087
795 176
795 167
795 096
795 017
795 139
795 117
795 029
795 177
795 131
795 108
795 072
795 115
795 040
795 025
795 066
795 133
795 098
795 089
795 121
795 154
795 038
795 173
795 197
795 004
795 067
795 100
795 026
795 127
795 166
795 046
795 075
795 033
795 135
795 141
795 097
795 183
795 002
795 078
795 122
795 059
795 155
795 053
795 120
795 168
795 091
795 172
795 192
795 195
795 058
795 086
795 119
795 162
795 156
795 044
795 041
795 191
795 105
795 015
795 187
795 048
795 116
795 163
795 081
795 130
795 151
795 129
795 102
795 109
795 005
795 149
795 099
795 142
795 047
795 171
795 077
795 126
795 010
795 032
795 050
795 145
795 009
795 159
795 158
795 123
795 150
795 169
795 179
795 094
795 143
795 147
795 061
795 016
795 182
795 080
795 186
795 118
795 144
795 030
795 024
795 104
795 052
795 101
795 022
795 194
795 084
795 134
795 013
795 018
795 137
795 042
795 049
795 011
795 140
795 190
795 070
795 076
795 069
795 082
795 125
795 037
795 020
795 051
795 146
795 196
795 028
795 090
795 064
795 060
795 111
795 088
795 057
795 153
795 068
795 021
795 019
795 174
795 006
795 148
795 152
795 157
795 045
795 128
795 014
795 170
795 001
795 023
795 043
795 112
795 056
795 054
795 065
795 189
795 184
795 003
795 034
795 181
795 178
795 055
795 185
795 165
795 106
795 188
795 071
795 036
795 008
795 062
795 095
795 161
795 113
795 138
795 164
795 107
795 031
795 083
795 136
795 193
795 124
795 114
795 063
795 079
795 093
795 012
795 103
795 092
795 180
795 085
795 073
795 132
795 175
795 160
795 007
795 039
795 035
795 027
427 074
427 110
427 087
427 176
427 167
427 096
427 017
427 139
427 117
427 029
427 177
427 131
427 108
427 072
427 115
427 040
427 025
427 066
427 133
427 098
427 089
427 121
427 154
427 038
427 173
427 004
427 067
427 100
427 026
427 127
427 166
427 046
427 075
427 033
427 135
427 141
427 097
427 183
427 002
427 078
427 122
427 059
427 155
427 053
427 120
427 168
427 091
427 172
427 192
427 195
427 058
427 086
427 119
427 162
427 156
427 044
427 041
427 191
427 105
427 015
427 187
427 048
427 116
427 163
427 081
427 130
427 151
427 129
427 102
427 109
427 005
427 149
427 099
427 142
427 047
427 171
427 077
427 126
427 010
427 032
427 050
427 145
427 009
427 159
427 158
427 123
427 150
427 169
427 179
427 094
427 143
427 147
427 061
427 016
427 182
427 080
427 186
427 118
427 144
427 030
427 024
427 104
427 052
427 101
427 022
427 194
427 084
427 134
427 013
427 018
427 137
427 042
427 049
427 011
427 140
427 190
427 070
427 076
427 069
427 082
427 125
427 037
427 020
427 051
427 146
427 028
427 090
427 064
427 060
427 111
427 088
427 057
427 153
427 068
427 021
427 019
427 174
427 006
427 148
427 152
427 157
427 045
427 128
427 014
427 170
427 001
427 023
427 043
427 112
427 056
427 054
427 065
427 189
427 184
427 003
427 034
427 181
427 178
427 055
427 185
427 165
427 106
427 188
427 071
427 036
427 008
427 062
427 095
427 161
427 113
427 138
427 164
427 107
427 031
427 083
427 136
427 193
427 124
427 114
427 063
427 079
427 093
427 012
427 103
427 092
427 180
427 085
427 073
427 132
427 175
427 160
427 007
427 039
427 035
427 027
086 074
086 110
086 087
086 176
086 167
086 096
086 017
086 139
086 117
086 029
086 177
086 131
086 108
086 072
086 115
086 040
086 025
086 066
086 133
086 098
086 089
086 121
086 154
086 038
086 173
086 197
086 004
086 067
086 100
086 026
086 127
086 166
086 046
086 075
086 033
086 135
086 141
086 097
086 183
086 002
086 078
086 122
086 059
086 155
086 053
086 120
086 168
086 091
086 172
086 192
086 195
086 058
086 086
086 119
086 162
086 156
086 044
086 041
086 191
086 105
086 015
086 187
086 048
086 116
086 163
086 081
086 130
086 151
086 129
086 102
086 109
086 005
086 149
086 099
086 142
086 047
086 171
086 077
086 126
086 010
086 032
086 050
086 145
086 009
086 159
086 158
086 123
086 150
086 169
086 179
086 094
086 143
086 147
086 061
086 016
086 182
086 080
086 186
086 118
086 144
086 030
086 024
086 104
086 052
086 101
086 022
086 194
086 084
086 134
086 013
086 018
086 137
086 042
086 049
086 011
086 140
086 190
086 070
086 076
086 069
086 082
086 125
086 037
086 020
086 051
086 146
086 196
086 028
086 090
086 064
086 060
086 111
086 088
086 057
086 153
086 068
086 021
086 019
086 174
086 006
086 148
086 152
086 157
086 045
086 128
086 014
086 170
086 001
086 023
086 043
086 112
086 056
086 054
086 065
086 189
086 184
086 003
086 034
086 181
086 178
086 055
086 185
086 165
086 106
086 188
086 071
086 036
086 008
086 062
086 095
086 161
086 113
086 138
086 164
086 107
086 031
086 083
086 136
086 193
086 124
086 114
086 063
086 079
086 093
086 012
086 103
086 092
086 180
086 085
086 073
086 132
086 175
086 160
086 007
086 039
086 035
086 027
025 074
025 110
025 087
025 176
025 167
025 096
025 017
025 139
025 117
025 029
025 177
025 131
025 108
025 072
025 115
025 040
025 025
025 066
025 133
025 098
025 089
025 121
025 154
025 038
025 173
025 197
025 004
025 067
025 100
025 026
025 127
025 166
025 046
025 075
025 033
025 135
025 141
025 097
025 183
025 002
025 078
025 122
025 059
025 155
025 053
025 120
025 168
025 091
025 172
025 192
025 195
025 058
025 086
025 119
025 162
025 156
025 044
025 041
025 191
025 105
025 015
025 187
025 048
025 116
025 163
025 081
025 130
025 151
025 129
025 102
025 109
025 005
025 149
025 099
025 142
025 047
025 171
025 077
025 126
025 010
025 032
025 050
025 145
025 009
025 159
025 158
025 123
025 150
025 169
025 179
025 094
025 143
025 147
025 061
025 016
025 182
025 080
025 186
025 118
025 144
025 030
025 024
025 104
025 052
025 101
025 022
025 194
025 084
025 134
025 013
025 018
025 137
025 042
025 049
025 011
025 140
025 190
025 070
025 076
025 069
025 082
025 125
025 037
025 020
025 051
025 146
025 196
025 028
025 090
025 064
025 060
025 111
025 088
025 057
025 153
025 068
025 021
025 019
025 174
025 006
025 148
025 152
025 157
025 045
025 128
025 014
025 170
025 001
025 023
025 043
025 112
025 056
025 054
025 065
025 189
025 184
025 003
025 034
025 181
025 178
025 055
025 185
025 165
025 106
025 188
025 071
025 036
025 008
025 062
025 095
025 161
025 113
025 138
025 164
025 107
025 031
025 083
025 136
025 193
025 124
025 114
025 063
025 079
025 093
025 012
025 103
025 092
025 180
025 085
025 073
025 132
025 175
025 160
025 007
025 039
025 035
025 027
222 074
222 110
222 087
222 176
222 167
222 096
222 017
222 139
222 117
222 029
222 177
222 131
222 108
222 072
222 115
222 040
222 025
222 066
222 133
222 098
222 089
222 121
222 154
222 038
222 173
222 004
222 067
222 100
222 026
222 127
222 166
222 046
222 075
222 033
222 135
222 141
222 097
222 183
222 002
222 078
222 122
222 059
222 155
222 053
222 120
222 168
222 091
222 172
222 192
222 195
222 058
222 086
222 119
222 162
222 156
222 044
222 041
222 191
222 105
222 015
222 187
222 048
222 116
222 163
222 081
222 130
222 151
222 129
222 102
222 109
222 005
222 149
222 099
222 142
222 047
222 171
222 077
222 126
222 010
222 032
222 050
222 145
222 009
222 159
222 158
222 123
222 150
222 169
222 179
222 094
222 143
222 147
222 061
222 016
222 182
222 080
222 186
222 118
222 144
222 030
222 024
222 104
222 052
222 101
222 022
222 194
222 084
222 134
222 013
222 018
222 137
222 042
222 049
222 011
222 140
222 190
222 070
222 076
222 069
222 082
222 125
222 037
222 020
222 051
222 146
222 196
222 028
222 090
222 064
222 060
222 111
222 088
222 057
222 153
222 068
222 021
222 019
222 174
222 006
222 148
222 152
222 157
222 045
222 128
222 014
222 170
222 001
222 023
222 043
222 112
222 056
222 054
222 065
222 189
222 184
222 003
222 034
222 181
222 178
222 055
222 185
222 165
222 106
222 188
222 071
222 036
222 008
222 062
222 095
222 161
222 113
222 138
222 164
222 107
222 031
222 083
222 136
222 193
222 124
222 114
222 063
222 079
222 093
222 012
222 103
222 092
222 180
222 085
222 073
222 132
222 175
222 160
222 007
222 039
222 035
222 027
592 074
592 110
592 087
592 176
592 167
592 096
592 017
592 139
592 117
592 029
592 177
592 131
592 108
592 072
592 115
592 040
592 025
592 066
592 133
592 098
592 089
592 121
592 154
592 038
592 173
592 197
592 004
592 067
592 100
592 026
592 127
592 166
592 046
592 075
592 033
592 135
592 141
592 097
592 183
592 002
592 078
592 122
592 059
592 155
592 053
592 120
592 168
592 091
592 172
592 192
592 195
592 058
592 086
592 119
592 162
592 156
592 044
592 041
592 191
592 105
592 015
592 187
592 048
592 116
592 163
592 081
592 130
592 151
592 129
592 102
592 109
592 005
592 149
592 099
592 142
592 047
592 171
592 077
592 126
592 010
592 032
592 050
592 145
592 009
592 159
592 158
592 123
592 150
592 169
592 179
592 094
592 143
592 147
592 061
592 016
592 182
592 080
592 186
592 118
592 144
592 030
592 024
592 104
592 052
592 101
592 022
592 194
592 084
592 134
592 013
592 018
592 137
592 042
592 049
592 011
592 140
592 190
592 070
592 076
592 069
592 082
592 125
592 037
592 020
592 051
592 146
592 196
592 028
592 090
592 064
592 060
592 111
592 088
592 057
592 153
592 068
592 021
592 019
592 174
592 006
592 148
592 152
592 157
592 045
592 128
592 014
592 170
592 001
592 023
592 043
592 112
592 056
592 054
592 065
592 189
592 184
592 003
592 034
592 181
592 178
592 055
592 185
592 165
592 106
592 188
592 071
592 036
592 008
592 062
592 095
592 161
592 113
592 138
592 164
592 107
592 031
592 083
592 136
592 193
592 124
592 114
592 063
592 079
592 093
592 012
592 103
592 092
592 180
592 085
592 073
592 132
592 175
592 160
592 007
592 039
592 035
592 027
049 074
049 110
049 087
049 176
049 167
049 096
049 017
049 139
049 117
049 029
049 177
049 131
049 108
049 072
049 115
049 040
049 025
049 066
049 133
049 098
049 089
049 121
049 154
049 038
049 173
049 197
049 004
049 067
049 100
049 026
049 127
049 166
049 046
049 075
049 033
049 135
049 141
049 097
049 183
049 002
049 078
049 122
049 059
049 155
049 053
049 120
049 168
049 091
049 172
049 192
049 195
049 058
049 086
049 119
049 162
049 156
049 044
049 041
049 191
049 105
049 015
049 187
049 048
049 116
049 163
049 081
049 130
049 151
049 129
049 102
049 109
049 005
049 149
049 099
049 142
049 047
049 171
049 077
049 126
049 010
049 032
049 050
049 145
049 009
049 159
049 158
049 123
049 150
049 169
049 179
049 094
049 143
049 147
049 061
049 016
049 182
049 080
049 186
049 118
049 144
049 030
049 024
049 104
049 052
049 101
049 022
049 194
049 084
049 134
049 013
049 018
049 137
049 042
049 049
049 011
049 140
049 190
049 070
049 076
049 069
049 082
049 125
049 037
049 020
049 051
049 146
049 196
049 028
049 090
049 064
049 060
049 111
049 088
049 057
049 153
049 068
049 021
049 019
049 174
049 006
049 148
049 152
049 157
049 045
049 128
049 014
049 170
049 001
049 023
049 043
049 112
049 056
049 054
049 065
049 189
049 184
049 003
049 034
049 181
049 178
049 055
049 185
049 165
049 106
049 188
049 071
049 036
049 008
049 062
049 095
049 161
049 113
049 138
049 164
049 107
049 031
049 083
049 136
049 193
049 124
049 114
049 063
049 079
049 093
049 012
049 103
049 092
049 180
049 085
049 073
049 132
049 175
049 160
049 007
049 039
049 035
049 027
102 074
102 110
102 087
102 176
102 167
102 096
102 017
102 139
102 117
102 029
102 177
102 131
102 108
102 072
102 115
102 040
102 025
102 066
102 133
102 098
102 089
102 121
102 154
102 038
102 173
102 004
102 067
102 100
102 026
102 127
102 166
102 046
102 075
102 033
102 135
102 141
102 097
102 183
102 002
102 078
102 122
102 059
102 155
102 053
102 120
102 168
102 091
102 172
102 192
102 195
102 058
102 086
102 119
102 162
102 156
102 044
102 041
102 191
102 105
102 015
102 187
102 048
102 116
102 163
102 081
102 130
102 151
102 129
102 102
102 109
102 005
102 149
102 099
102 142
102 047
102 171
102 077
102 126
102 010
102 032
102 050
102 145
102 009
102 159
102 158
102 123
102 150
102 169
102 179
102 094
102 143
102 147
102 061
102 016
102 182
102 080
102 186
102 118
102 144
102 030
102 024
102 104
102 052
102 101
102 022
102 194
102 084
102 134
102 013
102 018
102 137
102 042
102 049
102 011
102 140
102 190
102 070
102 076
102 069
102 082
102 125
102 037
102 020
102 051
102 146
102 196
102 028
102 090
102 064
102 060
102 111
102 088
102 057
102 153
102 068
102 021
102 019
102 174
102 006
102 148
102 152
102 157
102 045
102 128
102 014
102 170
102 001
102 023
102 043
102 112
102 056
102 054
102 065
102 189
102 184
102 003
102 034
102 181
102 178
102 055
102 185
102 165
102 106
102 188
102 071
102 036
102 008
102 062
102 095
102 161
102 113
102 138
102 164
102 107
102 031
102 083
102 136
102 193
102 124
102 114
102 063
102 079
102 093
102 012
102 103
102 092
102 180
102 085
102 073
102 132
102 175
102 160
102 007
102 039
102 035
102 027
620 074
620 110
620 087
620 176
620 167
620 096
620 017
620 139
620 117
620 029
620 177
620 131
620 108
620 072
620 115
620 040
620 025
620 066
620 133
620 098
620 089
620 121
620 154
620 038
620 173
620 004
620 067
620 100
620 026
620 127
620 166
620 046
620 075
620 033
620 135
620 141
620 097
620 183
620 002
620 078
620 122
620 059
620 155
620 053
620 120
620 168
620 091
620 172
620 192
620 195
620 058
620 086
620 119
620 162
620 156
620 044
620 041
620 191
620 105
620 015
620 187
620 048
620 116
620 163
620 081
620 130
620 151
620 129
620 102
620 109
620 005
620 149
620 099
620 142
620 047
620 171
620 077
620 126
620 010
620 032
620 050
620 145
620 009
620 159
620 158
620 123
620 150
620 169
620 179
620 094
620 143
620 147
620 061
620 016
620 182
620 080
620 186
620 118
620 144
620 030
620 024
620 104
620 052
620 101
620 022
620 194
620 084
620 134
620 013
620 018
620 137
620 042
620 049
620 011
620 140
620 190
620 070
620 076
620 069
620 082
620 125
620 037
620 020
620 051
620 146
620 196
620 028
620 090
620 064
620 060
620 111
620 088
620 057
620 153
620 068
620 021
620 019
620 174
620 006
620 148
620 152
620 157
620 045
620 128
620 014
620 170
620 001
620 023
620 043
620 112
620 056
620 054
620 065
620 189
620 184
620 003
620 034
620 181
620 178
620 055
620 185
620 165
620 106
620 188
620 071
620 036
620 008
620 062
620 095
620 161
620 113
620 138
620 164
620 107
620 031
620 083
620 136
620 193
620 124
620 114
620 063
620 079
620 093
620 012
620 103
620 092
620 180
620 085
620 073
620 132
620 175
620 160
620 007
620 039
620 035
620 027
080 074
080 110
080 087
080 176
080 167
080 096
080 017
080 139
080 117
080 029
080 177
080 131
080 108
080 072
080 115
080 040
080 025
080 066
080 133
080 098
080 089
080 121
080 154
080 038
080 173
080 004
080 067
080 100
080 026
080 127
080 166
080 046
080 075
080 033
080 135
080 141
080 097
080 183
080 002
080 078
080 122
080 059
080 155
080 053
080 120
080 168
080 091
080 172
080 192
080 195
080 058
080 086
080 119
080 162
080 156
080 044
080 041
080 191
080 105
080 015
080 187
080 048
080 116
080 163
080 081
080 130
080 151
080 129
080 102
080 109
080 005
080 149
080 099
080 142
080 047
080 171
080 077
080 126
080 010
080 032
080 050
080 145
080 009
080 159
080 158
080 123
080 150
080 169
080 179
080 094
080 143
080 147
080 061
080 016
080 182
080 080
080 186
080 118
080 144
080 030
080 024
080 104
080 052
080 101
080 022
080 194
080 084
080 134
080 013
080 018
080 137
080 042
080 049
080 011
080 140
080 190
080 070
080 076
080 069
080 082
080 125
080 037
080 020
080 051
080 146
080 196
080 028
080 090
080 064
080 060
080 111
080 088
080 057
080 153
080 068
080 021
080 019
080 174
080 006
080 148
080 152
080 157
080 045
080 128
080 014
080 170
080 001
080 023
080 043
080 112
080 056
080 054
080 065
080 189
080 184
080 003
080 034
080 181
080 178
080 055
080 185
080 165
080 106
080 188
080 071
080 036
080 008
080 062
080 095
080 161
080 113
080 138
080 164
080 107
080 031
080 083
080 136
080 193
080 124
080 114
080 063
080 079
080 093
080 012
080 103
080 092
080 180
080 085
080 073
080 132
080 175
080 160
080 007
080 039
080 035
080 027
089 074
089 110
089 087
089 176
089 167
089 096
089 017
089 139
089 117
089 029
089 177
089 131
089 108
089 072
089 115
089 040
089 025
089 066
089 133
089 098
089 089
089 121
089 154
089 038
089 173
089 197
089 004
089 067
089 100
089 026
089 127
089 166
089 046
089 075
089 033
089 135
089 141
089 097
089 183
089 002
089 078
089 122
089 059
089 155
089 053
089 120
089 168
089 091
089 172
089 192
089 195
089 058
089 086
089 119
089 162
089 156
089 044
089 041
089 191
089 105
089 015
089 187
089 048
089 116
089 163
089 081
089 130
089 151
089 129
089 102
089 109
089 005
089 149
089 099
089 142
089 047
089 171
089 077
089 126
089 010
089 032
089 050
089 145
089 009
089 159
089 158
089 123
089 150
089 169
089 179
089 094
089 143
089 147
089 061
089 016
089 182
089 080
089 186
089 118
089 144
089 030
089 024
089 104
089 052
089 101
089 022
089 194
089 084
089 134
089 013
089 018
089 137
089 042
089 049
089 011
089 140
089 190
089 070
089 076
089 069
089 082
089 125
089 037
089 020
089 051
089 146
089 196
089 028
089 090
089 064
089 060
089 111
089 088
089 057
089 153
089 068
089 021
089 019
089 174
089 006
089 148
089 152
089 157
089 045
089 128
089 014
089 170
089 001
089 023
089 043
089 112
089 056
089 054
089 065
089 189
089 184
089 003
089 034
089 181
089 178
089 055
089 185
089 165
089 106
089 188
089 071
089 036
089 008
089 062
089 095
089 161
089 113
089 138
089 164
089 107
089 031
089 083
089 136
089 193
089 124
089 114
089 063
089 079
089 093
089 012
089 103
089 092
089 180
089 085
089 073
089 132
089 175
089 160
089 007
089 039
089 035
089 027
382 074
382 110
382 087
382 176
382 167
382 096
382 017
382 139
382 117
382 029
382 177
382 131
382 108
382 072
382 115
382 040
382 025
382 066
382 133
382 098
382 089
382 121
382 154
382 038
382 173
382 004
382 067
382 100
382 026
382 127
382 166
382 046
382 075
382 033
382 135
382 141
382 097
382 183
382 002
382 078
382 122
382 059
382 155
382 053
382 120
382 168
382 091
382 172
382 192
382 195
382 058
382 086
382 119
382 162
382 156
382 044
382 041
382 191
382 105
382 015
382 187
382 048
382 116
382 163
382 081
382 130
382 151
382 129
382 102
382 109
382 005
382 149
382 099
382 142
382 047
382 171
382 077
382 126
382 010
382 032
382 050
382 145
382 009
382 159
382 158
382 123
382 150
382 169
382 179
382 094
382 143
382 147
382 061
382 016
382 182
382 080
382 186
382 118
382 144
382 030
382 024
382 104
382 052
382 101
382 022
382 194
382 084
382 134
382 013
382 018
382 137
382 042
382 049
382 011
382 140
382 190
382 070
382 076
382 069
382 082
382 125
382 037
382 020
382 051
382 146
382 196
382 028
382 090
382 064
382 060
382 111
382 088
382 057
382 153
382 068
382 021
382 019
382 174
382 006
382 148
382 152
382 157
382 045
382 128
382 014
382 170
382 001
382 023
382 043
382 112
382 056
382 054
382 065
382 189
382 184
382 003
382 034
382 181
382 178
382 055
382 185
382 165
382 106
382 188
382 071
382 036
382 008
382 062
382 095
382 161
382 113
382 138
382 164
382 107
382 031
382 083
382 136
382 193
382 124
382 114
382 063
382 079
382 093
382 012
382 103
382 092
382 180
382 085
382 073
382 132
382 175
382 160
382 007
382 039
382 035
382 027
053 074
053 110
053 087
053 176
053 167
053 096
053 017
053 139
053 117
053 029
053 177
053 131
053 108
053 072
053 115
053 040
053 025
053 066
053 133
053 098
053 089
053 121
053 154
053 038
053 173
053 004
053 067
053 100
053 026
053 127
053 166
053 046
053 075
053 033
053 135
053 141
053 097
053 183
053 002
053 078
053 122
053 059
053 155
053 053
053 120
053 168
053 091
053 172
053 192
053 195
053 058
053 086
053 119
053 162
053 156
053 044
053 041
053 191
053 105
053 015
053 187
053 048
053 116
053 163
053 081
053 130
053 151
053 129
053 102
053 109
053 005
053 149
053 099
053 142
053 047
053 171
053 077
053 126
053 010
053 032
053 050
053 145
053 009
053 159
053 158
053 123
053 150
053 169
053 179
053 094
053 143
053 147
053 061
053 016
053 182
053 080
053 186
053 118
053 144
053 030
053 024
053 104
053 052
053 101
053 022
053 194
053 084
053 134
053 013
053 018
053 137
053 042
053 049
053 011
053 140
053 190
053 070
053 076
053 069
053 082
053 125
053 037
053 020
053 051
053 146
053 028
053 090
053 064
053 060
053 111
053 088
053 057
053 153
053 068
053 021
053 019
053 174
053 006
053 148
053 152
053 157
053 045
053 128
053 014
053 170
053 001
053 023
053 043
053 112
053 056
053 054
053 065
053 189
053 184
053 003
053 034
053 181
053 178
053 055
053 185
053 165
053 106
053 188
053 071
053 036
053 008
053 062
053 095
053 161
053 113
053 138
053 164
053 107
053 031
053 083
053 136
053 193
053 124
053 114
053 063
053 079
053 093
053 012
053 103
053 092
053 180
053 085
053 073
053 132
053 175
053 160
053 007
053 039
053 035
053 027
640 074
640 110
640 087
640 176
640 167
640 096
640 017
640 139
640 117
640 029
640 177
640 131
640 108
640 072
640 115
640 040
640 025
640 066
640 133
640 098
640 089
640 121
640 154
640 038
640 173
640 004
640 067
640 100
640 026
640 127
640 166
640 046
640 075
640 033
640 135
640 141
640 097
640 183
640 002
640 078
640 122
640 059
640 155
640 053
640 120
640 168
640 091
640 172
640 192
640 195
640 058
640 086
640 119
640 162
640 156
640 044
640 041
640 191
640 105
640 015
640 187
640 048
640 116
640 163
640 081
640 130
640 151
640 129
640 102
640 109
640 005
640 149
640 099
640 142
640 047
640 171
640 077
640 126
640 010
640 032
640 050
640 145
640 009
640 159
640 158
640 123
640 150
640 169
640 179
640 094
640 143
640 147
640 061
640 016
640 182
640 080
640 186
640 118
640 144
640 030
640 024
640 104
640 052
640 101
640 022
640 194
640 084
640 134
640 013
640 018
640 137
640 042
640 049
640 011
640 140
640 190
640 070
640 076
640 069
640 082
640 125
640 037
640 020
640 051
640 146
640 196
640 028
640 090
640 064
640 060
640 111
640 088
640 057
640 153
640 068
640 021
640 019
640 174
640 006
640 148
640 152
640 157
640 045
640 128
640 014
640 170
640 001
640 023
640 043
640 112
640 056
640 054
640 065
640 189
640 184
640 003
640 034
640 181
640 178
640 055
640 185
640 165
640 106
640 188
640 071
640 036
640 008
640 062
640 095
640 161
640 113
640 138
640 164
640 107
640 031
640 083
640 136
640 193
640 124
640 114
640 063
640 079
640 093
640 012
640 103
640 092
640 180
640 085
640 073
640 132
640 175
640 160
640 007
640 039
640 035
640 027
094 074
094 110
094 087
094 176
094 167
094 096
094 017
094 139
094 117
094 029
094 177
094 131
094 108
094 072
094 115
094 040
094 025
094 066
094 133
094 098
094 089
094 121
094 154
094 038
094 173
094 004
094 067
094 100
094 026
094 127
094 166
094 046
094 075
094 033
094 135
094 141
094 097
094 183
094 002
094 078
094 122
094 059
094 155
094 053
094 120
094 168
094 091
094 172
094 192
094 195
094 058
094 086
094 119
094 162
094 156
094 044
094 041
094 191
094 105
094 015
094 187
094 048
094 116
094 163
094 081
094 130
094 151
094 129
094 102
094 109
094 005
094 149
094 099
094 142
094 047
094 171
094 077
094 126
094 010
094 032
094 050
094 145
094 009
094 159
094 158
094 123
094 150
094 169
094 179
094 094
094 143
094 147
094 061
094 016
094 182
094 080
094 186
094 118
094 144
094 030
094 024
094 104
094 052
094 101
094 022
094 194
094 084
094 134
094 013
094 018
094 137
094 042
094 049
094 011
094 140
094 190
094 070
094 076
094 069
094 082
094 125
094 037
094 020
094 051
094 146
094 196
094 028
094 090
094 064
094 060
094 111
094 088
094 057
094 153
094 068
094 021
094 019
094 174
094 006
094 148
094 152
094 157
094 045
094 128
094 014
094 170
094 001
094 023
094 043
094 112
094 056
094 054
094 065
094 189
094 184
094 003
094 034
094 181
094 178
094 055
094 185
094 165
094 106
094 188
094 071
094 036
094 008
094 062
094 095
094 161
094 113
094 138
094 164
094 107
094 031
094 083
094 136
094 193
094 124
094 114
094 063
094 079
094 093
094 012
094 103
094 092
094 180
094 085
094 073
094 132
094 175
094 160
094 007
094 039
094 035
094 027
323 074
323 110
323 087
323 176
323 167
323 096
323 017
323 139
323 117
323 029
323 177
323 131
323 108
323 072
323 115
323 040
323 025
323 066
323 133
323 098
323 089
323 121
323 154
323 038
323 173
323 197
323 004
323 067
323 100
323 026
323 127
323 166
323 046
323 075
323 033
323 135
323 141
323 097
323 183
323 002
323 078
323 122
323 059
323 155
323 053
323 120
323 168
323 091
323 172
323 192
323 195
323 058
323 086
323 119
323 162
323 156
323 044
323 041
323 191
323 105
323 015
323 187
323 048
323 116
323 163
323 081
323 130
323 151
323 129
323 102
323 109
323 005
323 149
323 099
323 142
323 047
323 171
323 077
323 126
323 010
323 032
323 050
323 145
323 009
323 159
323 158
323 123
323 150
323 169
323 179
323 094
323 143
323 147
323 061
323 016
323 182
323 080
323 186
323 118
323 144
323 030
323 024
323 104
323 052
323 101
323 022
323 194
323 084
323 134
323 013
323 018
323 137
323 042
323 049
323 011
323 140
323 190
323 070
323 076
323 069
323 082
323 125
323 037
323 020
323 051
323 146
323 196
323 028
323 090
323 064
323 060
323 111
323 088
323 057
323 153
323 068
323 021
323 019
323 174
323 006
323 148
323 152
323 157
323 045
323 128
323 014
323 170
323 001
323 023
323 043
323 112
323 056
323 054
323 065
323 189
323 184
323 003
323 034
323 181
323 178
323 055
323 185
323 165
323 106
323 188
323 071
323 036
323 008
323 062
323 095
323 161
323 113
323 138
323 164
323 107
323 031
323 083
323 136
323 193
323 124
323 114
323 063
323 079
323 093
323 012
323 103
323 092
323 180
323 085
323 073
323 132
323 175
323 160
323 007
323 039
323 035
323 027
111 074
111 110
111 087
111 176
111 167
111 096
111 017
111 139
111 117
111 029
111 177
111 131
111 108
111 072
111 115
111 040
111 025
111 066
111 133
111 098
111 089
111 121
111 154
111 038
111 173
111 004
111 067
111 100
111 026
111 127
111 166
111 046
111 075
111 033
111 135
111 141
111 097
111 183
111 002
111 078
111 122
111 059
111 155
111 053
111 120
111 168
111 091
111 172
111 192
111 195
111 058
111 086
111 119
111 162
111 156
111 044
111 041
111 191
111 105
111 015
111 187
111 048
111 116
111 163
111 081
111 130
111 151
111 129
111 102
111 109
111 005
111 149
111 099
111 142
111 047
111 171
111 077
111 126
111 010
111 032
111 050
111 145
111 009
111 159
111 158
111 123
111 150
111 169
111 179
111 094
111 143
111 147
111 061
111 016
111 182
111 080
111 186
111 118
111 144
111 030
111 024
111 104
111 052
111 101
111 022
111 194
111 084
111 134
111 013
111 018
111 137
111 042
111 049
111 011
111 140
111 190
111 070
111 076
111 069
111 082
111 125
111 037
111 020
111 051
111 146
111 028
111 090
111 064
111 060
111 111
111 088
111 057
111 153
111 068
111 021
111 019
111 174
111 006
111 148
111 152
111 157
111 045
111 128
111 014
111 170
111 001
111 023
111 043
111 112
111 056
111 054
111 065
111 189
111 184
111 003
111 034
111 181
111 178
111 055
111 185
111 165
111 106
111 188
111 071
111 036
111 008
111 062
111 095
111 161
111 113
111 138
111 164
111 107
111 031
111 083
111 136
111 193
111 124
111 114
111 063
111 079
111 093
111 012
111 103
111 092
111 180
111 085
111 073
111 132
111 175
111 160
111 007
111 039
111 035
111 027